1 0.220970 0.000103 0.000004
2 0.271091 0.000114 0.000004
3 0.285526 0.000126 0.000008
4 0.307590 0.000134 0.000008
5 0.333061 0.000145 0.000008
6 0.365799 0.000156 0.000011
7 0.372715 0.000175 0.000011
8 0.408539 0.000210 0.000011
9 0.490562 0.000225 0.000015
10 0.681114 0.000252 0.000019
11 0.691795 0.000278 0.000023
12 0.696846 0.000324 0.000031
13 0.704811 0.000385 0.000034
14 0.708622 0.000443 0.000034
15 0.711761 0.000481 0.000034
16 0.714527 0.000584 0.000034
17 0.717136 0.000710 0.000042
18 0.720001 0.000900 0.000050
19 0.722488 0.001099 0.000061
20 0.725132 0.001389 0.000065
21 0.727406 0.001724 0.000072
22 0.729698 0.002258 0.000092
23 0.731838 0.003014 0.000107
24 0.733963 0.004314 0.000122
25 0.735935 0.006721 0.000153
26 0.737843 0.012718 0.000183
27 0.739807 0.089005 0.000248
28 0.741718 0.423969 0.000458
29 0.743526 0.511555 0.000866
30 0.745289 0.558815 0.002258
31 0.746883 0.595547 0.003605
32 0.748463 0.614197 0.170902
33 0.749992 0.628700 0.174927
34 0.751568 0.637806 0.222710
35 0.753105 0.643620 0.254673
36 0.754620 0.648888 0.260460
37 0.755943 0.653099 0.293602
38 0.757271 0.657124 0.299763
39 0.758572 0.660954 0.326511
40 0.759853 0.664711 0.336018
41 0.761105 0.669361 0.395500
42 0.762280 0.673687 0.415710
43 0.763443 0.677734 0.444164
44 0.764519 0.681576 0.451393
45 0.765747 0.685154 0.465328
46 0.766838 0.689018 0.475098
47 0.768047 0.692608 0.488316
48 0.769249 0.696011 0.499859
49 0.770447 0.699162 0.509144
50 0.771729 0.702255 0.523132
51 0.772926 0.705040 0.536209
52 0.774132 0.708187 0.545803
53 0.775421 0.711426 0.554386
54 0.776634 0.714386 0.560539
55 0.777920 0.717484 0.569599
56 0.779202 0.720276 0.575989
57 0.780704 0.723076 0.590408
58 0.781967 0.726063 0.598061
59 0.783352 0.729576 0.603325
60 0.784966 0.732887 0.610336
61 0.786591 0.736248 0.615566
62 0.788212 0.739525 0.619431
63 0.789654 0.742542 0.621807
64 0.791290 0.745361 0.625137
65 0.792881 0.748329 0.626812
66 0.794353 0.751125 0.629814
67 0.795753 0.753723 0.631813
68 0.797089 0.756279 0.633717
69 0.798252 0.758724 0.636776
70 0.799480 0.761337 0.638592
71 0.800865 0.763893 0.641193
72 0.802029 0.766369 0.644447
73 0.803246 0.768703 0.647205
74 0.804512 0.771214 0.650158
75 0.805840 0.773769 0.652138
76 0.807285 0.776230 0.653767
77 0.808876 0.778862 0.656181
78 0.810390 0.781513 0.658039
79 0.811859 0.784023 0.659740
80 0.813175 0.786621 0.661842
81 0.814491 0.789062 0.663704
82 0.815708 0.791557 0.665398
83 0.816761 0.794014 0.667267
84 0.817810 0.796326 0.669777
85 0.818802 0.798702 0.672333
86 0.819790 0.800926 0.674278
87 0.820919 0.803406 0.676060
88 0.821938 0.805897 0.678097
89 0.822926 0.808342 0.680168
90 0.824013 0.810890 0.681805
91 0.824955 0.813442 0.684021
92 0.826015 0.815975 0.686264
93 0.827057 0.818420 0.688065
94 0.828175 0.821030 0.689919
95 0.829193 0.823418 0.692104
96 0.830280 0.825771 0.693951
97 0.831287 0.827892 0.695950
98 0.832344 0.829983 0.697498
99 0.833599 0.832092 0.698860
100 0.834805 0.834114 0.700390
101 0.836021 0.836132 0.701996
102 0.837242 0.837959 0.703434
103 0.838314 0.839722 0.705006
104 0.839489 0.841675 0.706490
105 0.840870 0.843559 0.707932
106 0.842270 0.845272 0.709702
107 0.843639 0.847050 0.711246
108 0.845131 0.848801 0.712742
109 0.846519 0.850647 0.714508
110 0.847771 0.852360 0.716335
111 0.849083 0.854023 0.718189
112 0.850292 0.855644 0.720184
113 0.851490 0.857258 0.721947
114 0.852730 0.858959 0.723728
115 0.853855 0.860569 0.725857
116 0.854973 0.862286 0.728054
117 0.856148 0.863979 0.729763
118 0.857418 0.865540 0.731735
119 0.858585 0.867043 0.733849
120 0.859699 0.868874 0.735897
121 0.860886 0.870628 0.737846
122 0.862041 0.872154 0.740124
123 0.863186 0.873764 0.742371
124 0.864326 0.875324 0.744591
125 0.865562 0.876976 0.746902
126 0.866779 0.878635 0.748947
127 0.868038 0.880230 0.750919
128 0.869316 0.881756 0.752716
129 0.870499 0.883190 0.754749
130 0.871742 0.884769 0.756413
131 0.872849 0.886253 0.758446
132 0.874027 0.887718 0.760498
133 0.875351 0.889183 0.762295
134 0.876625 0.890533 0.764194
135 0.877892 0.892090 0.766354
136 0.879227 0.893627 0.768227
137 0.880493 0.895126 0.770126
138 0.881599 0.896496 0.772079
139 0.882919 0.897903 0.774155
140 0.884247 0.899235 0.776340
141 0.885632 0.900612 0.778271
142 0.886959 0.901943 0.780407
143 0.888496 0.903133 0.782627
144 0.890099 0.904411 0.784813
145 0.891457 0.905586 0.786983
146 0.893078 0.906921 0.789421
147 0.894585 0.908047 0.791706
148 0.896141 0.909317 0.793919
149 0.897800 0.910450 0.796566
150 0.899368 0.911602 0.799129
151 0.900875 0.912834 0.801582
152 0.902294 0.914021 0.804104
153 0.903881 0.914955 0.806854
154 0.905315 0.915958 0.809437
155 0.906734 0.917114 0.812176
156 0.908203 0.918236 0.814991
157 0.909622 0.919373 0.817539
158 0.911057 0.920414 0.820168
159 0.912624 0.921490 0.822453
160 0.913998 0.922512 0.824707
161 0.915512 0.923485 0.826752
162 0.916870 0.924465 0.828815
163 0.918373 0.925377 0.830952
164 0.919735 0.926228 0.832920
165 0.921043 0.927166 0.834782
166 0.922340 0.928162 0.836769
167 0.923691 0.929035 0.838547
168 0.924839 0.930008 0.840530
169 0.925930 0.930893 0.842400
170 0.927082 0.931824 0.844166
171 0.928143 0.932713 0.846054
172 0.929111 0.933487 0.847790
173 0.930176 0.934265 0.849617
174 0.931114 0.935207 0.851601
175 0.932163 0.936081 0.853477
176 0.933018 0.936932 0.855354
177 0.933987 0.937794 0.857353
178 0.934826 0.938667 0.859097
179 0.935745 0.939503 0.860970
180 0.936703 0.940311 0.862801
181 0.937775 0.941151 0.864693
182 0.938717 0.942017 0.866421
183 0.939640 0.942921 0.868134
184 0.940647 0.943832 0.869881
185 0.941616 0.944656 0.871613
186 0.942478 0.945633 0.873421
187 0.943539 0.946659 0.875191
188 0.944572 0.947723 0.877144
189 0.945587 0.948673 0.878830
190 0.946590 0.949734 0.880577
191 0.947655 0.950668 0.882423
192 0.948536 0.951523 0.884319
193 0.949669 0.952454 0.886124
194 0.950779 0.953480 0.887806
195 0.951900 0.954365 0.889656
196 0.953033 0.955318 0.891495
197 0.954323 0.956245 0.893303
198 0.955559 0.957176 0.894951
199 0.956726 0.958000 0.896622
200 0.957848 0.958973 0.898132
201 0.959167 0.960037 0.899799
202 0.960335 0.961086 0.901459
203 0.961624 0.962097 0.902893
204 0.962933 0.963131 0.904507
205 0.964329 0.963978 0.906033
206 0.965611 0.964962 0.907421
207 0.967041 0.965996 0.908943
208 0.968597 0.966949 0.910385
209 0.970474 0.967819 0.911888
210 0.971783 0.968731 0.913357
211 0.972984 0.969601 0.914871
212 0.974297 0.970486 0.916351
213 0.975731 0.971363 0.917744
214 0.977097 0.972301 0.919281
215 0.978420 0.973289 0.920750
216 0.979847 0.974308 0.922112
217 0.981319 0.975468 0.923573
218 0.982719 0.976669 0.924957
219 0.984150 0.977970 0.926304
220 0.985714 0.979279 0.927521
221 0.987019 0.980499 0.928997
222 0.988342 0.981724 0.930511
223 0.989857 0.983097 0.932022
224 0.991264 0.984394 0.933559
225 0.992573 0.985535 0.935146
226 0.993729 0.986744 0.936771
227 0.994793 0.987873 0.938377
228 0.995544 0.989113 0.939915
229 0.996120 0.990273 0.941517
230 0.996590 0.991348 0.943146
231 0.996944 0.992195 0.944710
232 0.997116 0.993141 0.946377
233 0.997280 0.993843 0.948055
234 0.997452 0.994408 0.949657
235 0.997581 0.994835 0.951328
236 0.997753 0.995247 0.952969
237 0.997944 0.995499 0.954689
238 0.998081 0.995872 0.956501
239 0.998215 0.996605 0.958450
240 0.998341 0.997276 0.960445
241 0.998466 0.998188 0.962494
242 0.998550 0.998829 0.964436
243 0.998619 0.999386 0.966427
244 0.998703 0.999756 0.968418
245 0.998756 0.999969 0.970730
246 0.998814 1.000000 0.973164
247 0.998901 1.000000 0.975964
248 0.999008 1.000000 0.979271
249 0.999092 1.000000 0.983082
250 0.999191 1.000000 0.986839
251 0.999302 1.000000 0.991291
252 0.999462 1.000000 0.995007
253 0.999645 1.000000 0.997314
254 0.999790 1.000000 0.998901
255 1.000000 1.000000 1.000000
